-0.0961859793505689,-0.09771360078623333,-0.09771360078623333,-0.09771360078623333,-0.09771360078623333,-0.09771360078623333,-0.09771360078623333,-0.09771360078623333,-0.09771360078623333,-0.09771360078623333,-0.09771360078623333,-0.09771360078623333,-0.09771360078623333,-0.09771360078623333,-0.09771360078623333,-0.09771360078623333,-0.09771360078623333,-0.09771360078623333,-0.09771360078623333,-0.09771360078623333,-0.09771360078623333,-0.09771360078623333,-0.09771360078623333,-0.09771360078623333,-0.09771360078623333,-0.09771360078623333,
-0.09618597935056891,-0.09771360078623333,-0.09771360078623333,-0.09771360078623333,-0.09771360078623333,-0.09771360078623333,-0.09771360078623333,-0.09771360078623333,-0.09771360078623333,-0.09771360078623333,-0.09771360078623333,-0.09771360078623333,-0.09771360078623333,-0.09771360078623333,-0.09771360078623333,-0.09771360078623333,-0.09771360078623333,-0.09771360078623333,-0.09771360078623333,-0.09771360078623333,-0.09771360078623333,-0.09771360078623333,-0.09771360078623333,-0.09771360078623333,-0.09771360078623333,-0.09771360078623333,
-0.09618597935056887,-0.09771360078623333,-0.09771360078623333,-0.09771360078623333,-0.09771360078623333,-0.09771360078623333,-0.09771360078623333,-0.09771360078623333,-0.09771360078623333,-0.09771360078623333,-0.09771360078623333,-0.09771360078623333,-0.09771360078623333,-0.09771360078623333,-0.09771360078623333,-0.09771360078623333,-0.09771360078623333,-0.09771360078623333,-0.09771360078623333,-0.09771360078623333,-0.09771360078623333,-0.09771360078623333,-0.09771360078623333,-0.09771360078623333,-0.09771360078623333,-0.09771360078623333,
-0.09618597935056886,-0.09771360078623335,-0.09771360078623335,-0.09771360078623335,-0.09771360078623335,-0.09771360078623335,-0.09771360078623335,-0.09771360078623335,-0.09771360078623335,-0.09771360078623335,-0.09771360078623335,-0.09771360078623335,-0.09771360078623335,-0.09771360078623335,-0.09771360078623335,-0.09771360078623335,-0.09771360078623335,-0.09771360078623335,-0.09771360078623335,-0.09771360078623335,-0.09771360078623335,-0.09771360078623335,-0.09771360078623335,-0.09771360078623335,-0.09771360078623335,-0.09771360078623335,
-0.10030110346425025,-0.10178715507920756,-0.10178715507920756,-0.10178715507920756,-0.10178715507920756,-0.10178715507920756,-0.10178715507920756,-0.10178715507920756,-0.10178715507920756,-0.10178715507920756,-0.10178715507920756,-0.10178715507920756,-0.10178715507920756,-0.10178715507920756,-0.10178715507920756,-0.10178715507920756,-0.10178715507920756,-0.10178715507920756,-0.10178715507920756,-0.10178715507920756,-0.10178715507920756,-0.10178715507920756,-0.10178715507920756,-0.10178715507920756,-0.10178715507920756,-0.10178715507920756,
-0.09618597935056901,-0.09771360078623335,-0.09771360078623335,-0.09771360078623335,-0.09771360078623335,-0.09771360078623335,-0.09771360078623335,-0.09771360078623335,-0.09771360078623335,-0.09771360078623335,-0.09771360078623335,-0.09771360078623335,-0.09771360078623335,-0.09771360078623335,-0.09771360078623335,-0.09771360078623335,-0.09771360078623335,-0.09771360078623335,-0.09771360078623335,-0.09771360078623335,-0.09771360078623335,-0.09771360078623335,-0.09771360078623335,-0.09771360078623335,-0.09771360078623335,-0.09771360078623335,
-0.09618597935056152,-0.09771360078623528,-0.09771360078623528,-0.09771360078623528,-0.09771360078623528,-0.09771360078623528,-0.09771360078623528,-0.09771360078623528,-0.09771360078623528,-0.09771360078623528,-0.09771360078623528,-0.09771360078623528,-0.09771360078623528,-0.09771360078623528,-0.09771360078623528,-0.09771360078623528,-0.09771360078623528,-0.09771360078623528,-0.09771360078623528,-0.09771360078623528,-0.09771360078623528,-0.09771360078623528,-0.09771360078623528,-0.09771360078623528,-0.09771360078623528,-0.09771360078623528,
-0.09618597935056897,-0.09771360078623335,-0.09771360078623335,-0.09771360078623335,-0.09771360078623335,-0.09771360078623335,-0.09771360078623335,-0.09771360078623335,-0.09771360078623335,-0.09771360078623335,-0.09771360078623335,-0.09771360078623335,-0.09771360078623335,-0.09771360078623335,-0.09771360078623335,-0.09771360078623335,-0.09771360078623335,-0.09771360078623335,-0.09771360078623335,-0.09771360078623335,-0.09771360078623335,-0.09771360078623335,-0.09771360078623335,-0.09771360078623335,-0.09771360078623335,-0.09771360078623335,
-0.09618597935056897,-0.09771360078623335,-0.09771360078623335,-0.09771360078623335,-0.09771360078623335,-0.09771360078623335,-0.09771360078623335,-0.09771360078623335,-0.09771360078623335,-0.09771360078623335,-0.09771360078623335,-0.09771360078623335,-0.09771360078623335,-0.09771360078623335,-0.09771360078623335,-0.09771360078623335,-0.09771360078623335,-0.09771360078623335,-0.09771360078623335,-0.09771360078623335,-0.09771360078623335,-0.09771360078623335,-0.09771360078623335,-0.09771360078623335,-0.09771360078623335,-0.09771360078623335,
-0.09618597935056897,-0.09771360078623335,-0.09771360078623335,-0.09771360078623335,-0.09771360078623335,-0.09771360078623335,-0.09771360078623335,-0.09771360078623335,-0.09771360078623335,-0.09771360078623335,-0.09771360078623335,-0.09771360078623335,-0.09771360078623335,-0.09771360078623335,-0.09771360078623335,-0.09771360078623335,-0.09771360078623335,-0.09771360078623335,-0.09771360078623335,-0.09771360078623335,-0.09771360078623335,-0.09771360078623335,-0.09771360078623335,-0.09771360078623335,-0.09771360078623335,-0.09771360078623335,
-0.09424187499427764,-0.09578982099291034,-0.09578982099291034,-0.09578982099291034,-0.09578982099291034,-0.09578982099291034,-0.09578982099291034,-0.09578982099291034,-0.09578982099291034,-0.09578982099291034,-0.09578982099291034,-0.09578982099291034,-0.09578982099291034,-0.09578982099291034,-0.09578982099291034,-0.09578982099291034,-0.09578982099291034,-0.09578982099291034,-0.09578982099291034,-0.09578982099291034,-0.09578982099291034,-0.09578982099291034,-0.09578982099291034,-0.09578982099291034,-0.09578982099291034,-0.09578982099291034,
-0.09618597935029476,-0.09771360078630179,-0.09771360078630179,-0.09771360078630179,-0.09771360078630179,-0.09771360078630179,-0.09771360078630179,-0.09771360078630179,-0.09771360078630179,-0.09771360078630179,-0.09771360078630179,-0.09771360078630179,-0.09771360078630179,-0.09771360078630179,-0.09771360078630179,-0.09771360078630179,-0.09771360078630179,-0.09771360078630179,-0.09771360078630179,-0.09771360078630179,-0.09771360078630179,-0.09771360078630179,-0.09771360078630179,-0.09771360078630179,-0.09771360078630179,-0.09771360078630179,
-0.09618327454690401,-0.09771422800974293,-0.09771422800974293,-0.09771422800974293,-0.09771422800974293,-0.09771422800974293,-0.09771422800974293,-0.09771422800974293,-0.09771422800974293,-0.09771422800974293,-0.09771422800974293,-0.09771422800974293,-0.09771422800974293,-0.09771422800974293,-0.09771422800974293,-0.09771422800974293,-0.09771422800974293,-0.09771422800974293,-0.09771422800974293,-0.09771422800974293,-0.09771422800974293,-0.09771422800974293,-0.09771422800974293,-0.09771422800974293,-0.09771422800974293,-0.09771422800974293,
-0.09820400372379787,-0.09971103791945818,-0.09971103791945818,-0.09971103791945818,-0.09971103791945818,-0.09971103791945818,-0.09971103791945818,-0.09971103791945818,-0.09971103791945818,-0.09971103791945818,-0.09971103791945818,-0.09971103791945818,-0.09971103791945818,-0.09971103791945818,-0.09971103791945818,-0.09971103791945818,-0.09971103791945818,-0.09971103791945818,-0.09971103791945818,-0.09971103791945818,-0.09971103791945818,-0.09971103791945818,-0.09971103791945818,-0.09971103791945818,-0.09971103791945818,-0.09971103791945818,
